naiveT =

  Columns 1 through 5

     3.199355262764410e-06     1.086234532687118e-05     8.623045844829486e-06     4.078203541000745e-05     1.443269970749653e-04

  Columns 6 through 10

     6.054659907429209e-04     5.164474734242185e-03     3.415447651991978e-02     4.229593051185738e-01     3.785411166885004e+00


matlabT =

  Columns 1 through 5

     2.317013362454990e-07     8.513293003157488e-07     8.427579480894660e-07     9.347321219663192e-07     1.982683638093015e-06

  Columns 6 through 10

     4.767673638165091e-06     1.594730557163294e-05     7.146627157515051e-05     4.800972009108536e-04     4.849215724076464e-03


strassenT =

  Columns 1 through 5

     2.042297274539825e-06     4.835719713742604e-06     2.905518069791886e-06     3.320049966136566e-06     7.361227048770796e-06

  Columns 6 through 10

     7.738678785773266e-05     7.136120781336667e-04     4.160623675556602e-03     3.360889670408161e-02     2.414317448440534e-01

